1 10
100 200
201 210
900 1000
9139 3221
7762 7699
4371 2400
9394 1222
8626 2609
8780 1602
3656 3821
7032 1254
2427 5872
5289 951
7065 2106
8210 4553
2989 3744
8749 5062
1183 2770
499 322
5990 4612
4372 6712
3363 3765
4285 1988
2725 9417
9942 2732
3237 3325
337 5663
9197 5626
2965 2613
4083 1174
7165 7071
1270 2266
8484 8804
5035 5334
5477 7376
9946 9849
440 3308
9965 1076
1648 2690
492 1589
1773 3728
4913 2110
5743 461
7735 8707
3074 1817
6233 238
8887 7502
8855 3723
2657 241
9056 8134
7617 9001
7982 4408
8661 4298
5483 308
3339 5975
8248 5112
6054 3160
7221 1796
3621 4955
6855 3046
3123 3087
9635 8361
588 8490
2083 9596
8730 1139
7729 2698
6491 2062
3457 1503
6360 8940
8162 9698
1266 6409
4809 3671
5921 8381
5467 5893
9687 2321
8938 2809
1759 4924
1170 8698
3413 9604
8293 8495
742 6022
7544 3585
4435 1001
1439 794
6292 9601
6844 3909
6009 8004
7579 1929
6385 9397
4173 6071
8069 3110
5232 9827
8034 6401
8524 7798
6004 6817
2644 3098
9190 6540
3034 3624
7540 4472
770 183
